tree
version=v3
num_class=1
num_tree_per_iteration=1
label_index=0
max_feature_idx=20
objective=binary sigmoid:1
feature_names=BTC Month DayOfWeek inputMax inputMin inputSum outputMax outputMin outputSum degree_input inDegree_input outDegree_input pagerank_input tricount_input degree_output inDegree_output outDegree_output pagerank_output tricount_output label_input label_output
feature_infos=[1e-08:20888] [1:12] [1:7] [1e-08:20888] [0:20888] [1e-08:20888] [1e-08:20888] [1e-08:20888] [1e-08:20888] [1:32] [0:20] [1:22] [0.45061549784683985:21.507671731142075] [0:9] [1:32] [1:20] [0:22] [0.46885469656921192:38.851552120099733] [0:9] [16:35238] [16:35228]
tree_sizes=1386 1368 1368 1373 1368 1373 1371 1367 1370 1376 1380 1381 1379 1383 1389 1386 1374 1375 1381 1376 1380 1379 1375 1375 1380

Tree=0
num_leaves=12
num_cat=0
split_feature=1 13 20 14 4 17 9 1 5 19 20
split_gain=4481.43 554.769 199.555 208.561 109.567 34.5619 176.598 28.3155 9.20282 15.7339 10.6922
threshold=10.500000000000002 1.0000000180025095e-35 30154.500000000004 1.5000000000000002 0.36936753000000005 0.64291730214338372 2.5000000000000004 11.500000000000002 20.505047000000005 28672.500000000004 12857.500000000002
decision_type=2 2 2 2 2 2 2 2 2 2 2
left_child=-1 2 5 -4 -3 6 7 8 9 -2 -11
right_child=1 4 3 -5 -6 -7 -8 -9 -10 10 -12
leaf_value=-0.30557617722439406 -0.2798916968619839 0.0068698020923430303 -0.30557617722439406 0.010202019195144046 -0.30557617722439406 0.014761161187776428 0.016405214502803606 -0.043349051842870079 -0.30557617722439406 0.016405214502803522 -0.20737284899038841
leaf_weight=629.85005311667919 7.2899847477674538 8.3897785693407041 27.827694654464722 25.793158113956451 49.940773442387581 583.92265963554382 108.16321170330048 5.3552660644054404 9.9384623765945417 2.6168518960475922 2.8599764406681061
leaf_count=2535 29 29 112 89 201 2010 372 19 40 9 11
internal_value=-0.157215 -0.0227248 -0.00478979 -0.153678 -0.260637 0.00629616 -0.029989 -0.208822 -0.247851 -0.202913 -0.100451
internal_weight=0 832.098 773.767 53.6209 58.3306 720.146 136.224 28.0605 22.7053 12.7668 5.47683
internal_count=5456 2921 2691 201 230 2490 480 108 89 49 20
is_linear=0
shrinkage=1


Tree=1
num_leaves=12
num_cat=0
split_feature=1 13 20 14 4 17 9 1 19 3 20
split_gain=3818.44 466.41 166.145 177.378 93.9438 28.5197 147.85 24.1291 8.30126 12.7609 12.3112
threshold=10.500000000000002 1.0000000180025095e-35 30154.500000000004 1.5000000000000002 0.36936753000000005 0.64291730214338372 2.5000000000000004 11.500000000000002 27692.000000000004 49.870762000000006 9115.5000000000018
decision_type=2 2 2 2 2 2 2 2 2 2 2
left_child=-1 2 5 -4 -3 6 7 8 -2 10 -10
right_child=1 4 3 -5 -6 -7 -8 -9 9 -11 -12
leaf_value=-0.13893589886173885 -0.13974233429291183 0.14997546163349421 -0.13893589886173885 0.15302279532366114 -0.13893589886173885 0.15719375777220507 0.15869828281758094 0.10412972456314672 0.16463876834550908 -0.13893589886173882 -0.050127780175032832
leaf_weight=619.18285243213177 9.7893255800008827 8.4416264593601209 27.356402158737183 25.952189385890961 49.094971731305122 587.50615721940994 108.82561683654785 5.3858942985534659 2.6216056346893293 5.1293254047632217 4.9030537307262421
leaf_count=2535 40 29 112 89 201 2010 372 19 9 21 19
internal_value=0 0.123238 0.139503 0.00319818 -0.0965475 0.149537 0.116618 -0.0479338 -0.0844257 -0.0416318 0.0246973
internal_weight=0 835.006 777.47 53.3086 57.5366 724.161 136.655 27.8292 22.4433 12.654 7.52466
internal_count=5456 2921 2691 201 230 2490 480 108 89 49 28
is_linear=0
shrinkage=0.08


Tree=2
num_leaves=12
num_cat=0
split_feature=1 13 20 14 4 17 9 1 19 3 20
split_gain=3292.36 397.894 140.679 152.672 81.3959 24.0676 125.934 20.7119 7.32576 11.1256 10.454
threshold=10.500000000000002 1.0000000180025095e-35 30154.500000000004 1.5000000000000002 0.36936753000000005 0.64291730214338372 2.5000000000000004 11.500000000000002 27692.000000000004 49.870762000000006 9115.5000000000018
decision_type=2 2 2 2 2 2 2 2 2 2 2
left_child=-1 2 5 -4 -3 6 7 8 -2 10 -10
right_child=1 4 3 -5 -6 -7 -8 -9 9 -11 -12
leaf_value=-0.13129096469253504 -0.13195145145378698 0.13885176764198565 -0.13129096469253504 0.14174583608050628 -0.13129096469253504 0.14571531642435531 0.14714961134278567 0.095840949915883725 0.15188698439571538 -0.13129096469253501 -0.046390611402423794
leaf_weight=603.44700135290623 9.5475749671459251 8.390021085739134 26.661169290542603 25.78076696395874 47.847277030348778 583.21636229753494 108.00294578075409 5.3834511935710898 2.6144261658191663 4.998969241976738 4.8753496110439301
leaf_count=2535 40 29 112 89 201 2010 372 19 9 21 19
internal_value=0 0.114447 0.12943 0.00293555 -0.0909885 0.138661 0.108278 -0.0448309 -0.0791969 -0.0388664 0.0228214
internal_weight=0 827.318 771.081 52.4419 56.2373 718.639 135.423 27.4198 22.0363 12.4887 7.48978
internal_count=5456 2921 2691 201 230 2490 480 108 89 49 28
is_linear=0
shrinkage=0.08


Tree=3
num_leaves=12
num_cat=0
split_feature=1 13 20 14 4 17 9 1 3 20 19
split_gain=2865.44 343.299 120.668 132.646 71.1148 20.6446 108.674 17.8909 7.19434 7.16831 7.1422
threshold=10.500000000000002 1.0000000180025095e-35 30154.500000000004 1.5000000000000002 0.36936753000000005 0.64291730214338372 2.5000000000000004 11.500000000000002 0.026706205000000004 2051.5000000000005 28672.500000000004
decision_type=2 2 2 2 2 2 2 2 2 2 2
left_child=-1 2 5 -4 -3 6 7 8 -2 -9 -10
right_child=1 4 3 -5 -6 -7 -8 9 10 -11 -12
leaf_value=-0.12498025418140848 0.15064927480121587 0.12983562372309684 -0.12498025418140848 0.13266211390435773 -0.12498025418140848 0.13655191740264291 0.13796118365161103 -0.054715395789975238 -0.1266890857902469 0.14840221003172865 -0.032051180256549086
leaf_weight=583.99221852421761 0.86952900886536255 8.2598532289266569 25.801628589630127 25.358646988868713 46.304708451032639 572.96119469404221 106.05563056468964 1.5754420161247242 11.384559988975527 3.7800723016262054 9.2507435679435712
leaf_count=2535 3 29 112 89 201 2010 372 6 49 13 37
internal_value=0 0.107395 0.121364 0.00272551 -0.0864068 0.129962 0.101557 -0.0421824 -0.0747647 0.0886507 -0.0842632
internal_weight=0 811.602 757.037 51.1603 54.5646 705.877 132.916 26.8603 21.5048 5.35551 20.6353
internal_count=5456 2921 2691 201 230 2490 480 108 89 19 86
is_linear=0
shrinkage=0.08


Tree=4
num_leaves=12
num_cat=0
split_feature=1 13 20 14 4 17 9 1 5 19 20
split_gain=2512.57 298.802 104.523 116.12 62.5558 18.0615 94.9017 15.4668 6.36273 10.3854 7.21644
threshold=10.500000000000002 1.0000000180025095e-35 30154.500000000004 1.5000000000000002 0.36936753000000005 0.64291730214338372 2.5000000000000004 11.500000000000002 20.505047000000005 28672.500000000004 13846.500000000002
decision_type=2 2 2 2 2 2 2 2 2 2 2
left_child=-1 2 5 -4 -3 6 7 8 9 -2 -11
right_child=1 4 3 -5 -6 -7 -8 -9 -10 10 -12
leaf_value=-0.1196957171765711 -0.099056332482680101 0.12236147181811576 -0.1196957171765711 0.12518007702535708 -0.1196957171765711 0.12907565799657142 0.13049187402835691 0.08252303911916925 -0.12140040693126861 0.11458021749264807 -0.083458901168785474
leaf_weight=561.89398013055325 6.6785999983549171 8.0708178728818876 24.82529616355896 24.748840361833572 44.552540436387062 558.24571752548218 103.26778399944305 5.2972063720226279 8.9801507741212827 3.6306978166103363 1.7429220080375669
leaf_count=2535 29 29 112 89 201 2010 372 19 40 13 7
internal_value=0 0.101601 0.114744 0.00255335 -0.0825715 0.12283 0.0959243 -0.0396537 -0.0704251 -0.0324433 0.0503467
internal_weight=0 790.041 737.417 49.5741 52.6234 687.843 129.597 26.3296 21.0324 12.0522 5.37362
internal_count=5456 2921 2691 201 230 2490 480 108 89 49 20
is_linear=0
shrinkage=0.08


Tree=5
num_leaves=12
num_cat=0
split_feature=1 13 20 14 4 17 9 1 20 5 19
split_gain=2216.92 261.987 91.2984 102.281 55.3373 15.9255 83.5411 13.4465 6.29392 5.77463 9.0448
threshold=10.500000000000002 1.0000000180025095e-35 30154.500000000004 1.5000000000000002 0.36936753000000005 0.64291730214338372 2.5000000000000004 11.500000000000002 2051.5000000000005 20.505047000000005 28672.500000000004
decision_type=2 2 2 2 2 2 2 2 2 2 2
left_child=-1 2 5 -4 -3 6 7 9 -9 10 -2
right_child=1 4 3 -5 -6 -7 -8 8 -10 -11 -12
leaf_value=-0.11521765328451113 -0.093948938522719419 0.11604738120272247 -0.11521765328451113 0.11890210873526272 -0.11521765328451113 0.12286749010461909 0.1243148772974295 -0.057072278833751142 0.13429759037953617 -0.11667197069126353 0.046763437244566247
leaf_weight=538.00999268889427 6.4862907230854088 7.8385993242263785 23.770066738128662 24.001493334770203 42.658780485391617 540.26586681604385 99.865082144737244 1.5717201828956593 3.6639947295188904 8.6116175651550275 5.3226767480373383
leaf_count=2535 29 29 112 89 201 2010 372 6 13 40 20
internal_value=0 0.0967765 0.109238 0.00240932 -0.0793189 0.116904 0.0912344 -0.0375286 0.0768499 -0.0668545 -0.0305254
internal_weight=0 764.056 713.559 47.7716 50.4974 665.787 125.521 25.6563 5.23571 20.4206 11.809
internal_count=5456 2921 2691 201 230 2490 480 108 19 89 49
is_linear=0
shrinkage=0.08


Tree=6
num_leaves=12
num_cat=0
split_feature=1 13 20 14 4 17 9 1 3 19 3
split_gain=1966.16 231.071 80.2774 90.5538 49.1834 14.192 74.0862 11.7306 6.22827 5.54205 7.93955
threshold=10.500000000000002 1.0000000180025095e-35 30154.500000000004 1.5000000000000002 0.36936753000000005 0.64291730214338372 2.5000000000000004 11.500000000000002 0.026706205000000004 28672.500000000004 49.870762000000006
decision_type=2 2 2 2 2 2 2 2 2 2 2
left_child=-1 2 5 -4 -3 6 7 8 -2 -10 -11
right_child=1 4 3 -5 -6 -7 -8 -9 9 10 -12
leaf_value=-0.11138499631807557 0.14849021887342792 0.11062541184622512 -0.11138499631807557 0.11355044952819145 -0.11138499631807557 0.11763640771834798 0.11913455126488165 0.072208813572607319 -0.11331660051139231 0.03890175748125365 -0.11433276399537379
leaf_weight=513.02276484668255 0.84925007820130005 7.5757233649492255 22.666094541549683 23.15661633014679 40.677544668316841 519.97524297237396 96.027402877807617 5.1343985795974723 10.13971893489361 5.0582618117332441 3.7820724248886108
leaf_count=2535 3 29 112 89 201 2010 372 19 49 19 18
internal_value=0 0.0926918 0.104581 0.00228667 -0.0765295 0.111894 0.0872163 -0.035563 -0.0634683 -0.0729523 -0.026655
internal_weight=0 735.042 686.789 45.8227 48.2533 640.966 120.991 24.9637 19.8293 18.9801 8.84033
internal_count=5456 2921 2691 201 230 2490 480 108 89 86 37
is_linear=0
shrinkage=0.08


Tree=7
num_leaves=12
num_cat=0
split_feature=1 13 20 14 4 17 9 1 20 3 19
split_gain=1751.41 204.828 70.9886 80.5159 43.8894 12.7249 66.0947 10.2611 5.63432 4.85607 7.02569
threshold=10.500000000000002 1.0000000180025095e-35 30154.500000000004 1.5000000000000002 0.36936753000000005 0.64291730214338372 2.5000000000000004 11.500000000000002 2051.5000000000005 23.471900000000005 27692.000000000004
decision_type=2 2 2 2 2 2 2 2 2 2 2
left_child=-1 2 5 -4 -3 6 7 9 -9 10 -2
right_child=1 4 3 -5 -6 -7 -8 8 -10 -11 -12
leaf_value=-0.10807683253252305 -0.10988719929909876 0.105901638325892 -0.10807683253252305 0.10892465415598651 -0.10807683253252305 0.11317364591866412 0.11473927805179822 -0.05836683400100217 0.12416679991977031 -0.10912911409266597 0.020823870352683901
leaf_weight=487.47337773442268 4.1581511199474388 7.2921926975250235 21.537285327911377 22.246153473854065 38.65173527598381 498.13445743918419 91.898177325725555 1.5694450139999379 3.4865482151508331 7.817605033516883 7.1692636013031006
leaf_count=2535 21 29 112 89 201 2010 372 6 13 40 28
internal_value=0 0.0891966 0.100599 0.00218057 -0.0741143 0.107615 0.0837635 -0.0338603 0.067506 -0.0606301 -0.0271585
internal_weight=0 703.961 658.017 43.7834 45.9439 614.234 116.099 24.201 5.05599 19.145 11.3274
internal_count=5456 2921 2691 201 230 2490 480 108 19 89 49
is_linear=0
shrinkage=0.08


Tree=8
num_leaves=12
num_cat=0
split_feature=1 13 20 20 4 17 9 0 0 19 19
split_gain=1565.88 182.317 63.063 72.541 39.2997 11.5085 59.2865 9.53444 9.57371 5.42094 2.89318
threshold=10.500000000000002 1.0000000180025095e-35 30154.500000000004 31668.000000000004 0.36936753000000005 0.64291730214338372 2.5000000000000004 0.9999534000000001 0.044910880000000007 24203.500000000004 28672.500000000004
decision_type=2 2 2 2 2 2 2 2 2 2 2
left_child=-1 2 5 -4 -3 6 7 8 9 -2 -10
right_child=1 4 3 -5 -6 -7 -8 -9 10 -11 -12
leaf_value=-0.10520061311061366 -0.098530684178861336 0.10173194578478797 -0.098852808429646777 0.11238957325249337 -0.10520061311061366 0.10932531844851286 0.11097349540294311 0.11962800469730063 -0.10925018699304721 0.098606870807647504 -0.04149499538855262
leaf_weight=461.78781375288963 1.1854085326194823 6.9959758818149558 21.772974520921707 19.925014764070511 36.615128427743912 475.34863024950027 87.591507375240326 2.3782088905572882 8.9215055108070391 3.6156069785356522 7.3615128993988028
leaf_count=2535 5 29 118 83 201 2010 372 9 47 14 33
internal_value=0 0.0861663 0.0971487 0.00208749 -0.072005 0.103908 0.0807214 -0.0322185 -0.0493462 0.0499321 -0.0786182
internal_weight=0 671.711 628.1 41.698 43.6111 586.402 111.054 23.4622 21.084 4.80102 16.283
internal_count=5456 2921 2691 201 230 2490 480 108 99 19 80
is_linear=0
shrinkage=0.08


Tree=9
num_leaves=12
num_cat=0
split_feature=1 13 20 14 4 17 9 0 0 19 19
split_gain=1404.27 162.798 56.3622 64.7809 35.2944 10.5285 53.4891 8.27915 8.46472 5.79881 3.33813
threshold=10.500000000000002 1.0000000180025095e-35 30154.500000000004 1.5000000000000002 0.36936753000000005 0.64291730214338372 2.5000000000000004 0.9999534000000001 0.026671970000000007 24203.500000000004 28672.500000000004
decision_type=2 2 2 2 2 2 2 2 2 2 2
left_child=-1 2 5 -4 -3 6 7 8 9 -2 -10
right_child=1 4 3 -5 -6 -7 -8 -9 10 -11 -12
leaf_value=-0.10268417716137919 -0.090463736597081332 0.098006802180821584 -0.10282862816708592 0.10157078614735865 -0.10268417716137919 0.10597533642289417 0.10772011500115297 0.11213687246599939 -0.10641182046613913 0.12044511182379115 -0.034326064475905305
leaf_weight=436.29867687821388 1.1876933425664966 6.6933921277523032 19.344598293304443 20.376455157995224 34.594096273183823 452.09731471538544 83.197775423526764 2.3358328938484183 8.6487235277891177 2.8040930479764938 7.836670756340026
leaf_count=2535 5 29 112 89 201 2010 372 9 48 11 35
internal_value=0 0.0834908 0.0941015 0.00202598 -0.0701488 0.100655 0.0779635 -0.0305571 -0.0468342 0.0576925 -0.0721444
internal_weight=0 639.117 597.829 39.7211 41.2875 558.108 106.011 22.813 20.4772 3.99179 16.4854
internal_count=5456 2921 2691 201 230 2490 480 108 99 16 83
is_linear=0
shrinkage=0.08


Tree=10
num_leaves=12
num_cat=0
split_feature=1 13 20 20 4 17 9 3 5 0 19
split_gain=1262.96 145.852 50.4423 58.7351 31.7789 9.6489 48.4046 7.31372 8.24264 5.22641 4.27951
threshold=10.500000000000002 1.0000000180025095e-35 30154.500000000004 31668.000000000004 0.36936753000000005 0.64291730214338372 2.5000000000000004 23.471900000000005 0.99975000000000014 0.026671970000000007 31006.500000000004
decision_type=2 2 2 2 2 2 2 2 2 2 2
left_child=-1 2 5 -4 -3 6 7 8 9 -2 -11
right_child=1 4 3 -5 -6 -7 -8 -9 -10 10 -12
leaf_value=-0.10047047040794996 0.058361105471962257 0.094641306218726698 -0.093893452948145398 0.10615070105315715 -0.10047047040794996 0.10303432707564379 0.10488930014434278 -0.09589364146436663 0.13053601889865837 -0.083545303026850967 0.060787994978399443
leaf_weight=411.26230448484421 3.4699755012989071 6.3894204497337332 19.605898588895798 18.033629059791565 32.608963787555695 428.7578093111515 78.788106679916382 7.1106473356485358 2.6533834636211386 7.2682006210088712 1.6050854027271269
leaf_count=2535 14 29 118 83 201 2010 372 41 10 37 6
internal_value=0 0.0811492 0.091437 0.00195053 -0.0685037 0.0977964 0.0755375 -0.0290694 0.00261523 -0.0248834 -0.0574369
internal_weight=0 606.291 567.293 37.6395 38.9984 529.653 100.895 22.1073 14.9966 12.3433 8.87329
internal_count=5456 2921 2691 201 230 2490 480 108 67 57 43
is_linear=0
shrinkage=0.08


Tree=11
num_leaves=12
num_cat=0
split_feature=1 13 20 14 4 3 5 17 17 9 5
split_gain=1138.54 130.996 45.39 52.7135 28.678 9.07211 14.2994 19.3337 3.20456 18.6207 7.2412
threshold=10.500000000000002 1.0000000180025095e-35 30154.500000000004 1.5000000000000002 0.36936753000000005 23.471900000000005 51.241856250000005 0.69917045694731683 0.64291730214338372 2.5000000000000004 0.99975000000000014
decision_type=2 2 2 2 2 2 2 2 2 2 2
left_child=-1 2 5 -4 -3 8 7 -7 9 10 -2
right_child=1 4 3 -5 -6 6 -8 -9 -10 -11 -12
leaf_value=-0.098513733125294142 -0.023502480158553489 0.091568534490672329 -0.098751865539172423 0.095777683372104919 -0.098513733125294142 -0.10153835646800115 0.092297869347012632 0.082334441028517988 0.10173669780012715 0.10241092742738031 0.12464229310851251
leaf_weight=386.87300831079483 12.049173831939695 6.0879460126161566 17.229070901870728 18.475172057747841 30.675137937068939 6.8807016611099225 30.538766130805016 7.8183971792459488 376.54313161969185 65.015667676925659 2.560330092906951
leaf_count=2535 57 29 112 89 201 42 152 39 1865 325 10
internal_value=0 0.079059 0.0890587 0.00190751 -0.0670362 0.0952646 0.0610933 -0.00373708 0.0986533 0.0840721 0.00246004
internal_weight=0 573.873 537.11 35.7042 36.7631 501.406 45.2379 14.6991 456.168 79.6252 14.6095
internal_count=5456 2921 2691 201 230 2490 233 81 2257 392 67
is_linear=0
shrinkage=0.08


Tree=12
num_leaves=12
num_cat=0
split_feature=1 13 20 20 6 3 5 17 1 17 9
split_gain=1028.44 117.895 40.8271 48.0385 25.9673 8.34206 12.8387 17.3003 4.78019 3.13986 17.5317
threshold=10.500000000000002 1.0000000180025095e-35 30154.500000000004 31668.000000000004 1.1294787000000002 23.471900000000005 51.241856250000005 0.69917045694731683 11.500000000000002 0.64291730214338372 2.5000000000000004
decision_type=2 2 2 2 2 2 2 2 2 2 2
left_child=-1 2 5 8 -3 9 7 -7 -4 10 -2
right_child=1 4 3 -5 -6 6 -8 -9 -10 -11 -12
leaf_value=-0.096776838879377894 0.0023174339197071189 0.10254717274569985 -0.098426230796864453 0.10136914577905831 -0.094267503711800191 -0.098878533214002945 0.089722412139343594 0.079548429139186236 0.11224084979322067 0.099467449094264165 0.10022942512193071
leaf_weight=363.27470898628235 14.467649847269056 5.0182472914457312 16.830754622817043 16.159241884946823 29.577747702598572 6.515547186136244 28.96681159734726 7.4596884995698929 0.71877546608447929 355.1960850507021 61.269411444664001
leaf_count=2535 67 25 115 83 205 42 152 39 3 1865 325
internal_value=0 0.077173 0.0869122 0.00184334 -0.065719 0.0929635 0.0593388 -0.00363795 -0.0897979 0.0963142 0.0815258
internal_weight=0 542.18 507.584 33.7088 34.596 473.875 42.942 13.9752 17.5495 430.933 75.7371
internal_count=5456 2921 2691 201 230 2490 233 81 118 2257 392
is_linear=0
shrinkage=0.08


Tree=13
num_leaves=12
num_cat=0
split_feature=1 13 20 20 4 17 9 3 5 0 1
split_gain=930.534 106.277 36.7122 43.4161 23.771 7.77226 36.9051 5.52691 6.37343 4.70991 4.31592
threshold=10.500000000000002 1.0000000180025095e-35 30154.500000000004 31668.000000000004 0.36936753000000005 0.64291730214338372 2.5000000000000004 23.471900000000005 0.99975000000000014 0.053029585000000011 11.500000000000002
decision_type=2 2 2 2 2 2 2 2 2 2 2
left_child=-1 2 5 10 -3 6 7 8 9 -2 -4
right_child=1 4 3 -5 -6 -7 -8 -9 -10 -11 -12
leaf_value=-0.095229322162841912 0.040832697825466426 0.08657009885032628 -0.096501077460280929 0.09930914164950512 -0.095267575809482835 0.096020625176270344 0.098378333044494282 -0.089311178026250118 0.11955850675221655 -0.061887767306544328 0.10881780653493912
leaf_weight=340.57049296796322 4.6796804666519183 5.544100046157836 15.834018215537075 15.213530480861662 27.049921318888664 360.66279961168766 66.107049494981766 5.977846458554267 2.4560351371765128 7.3338961750268936 0.68351747095584947
leaf_count=2535 19 29 115 83 201 2010 372 41 10 38 3
internal_value=0 0.0754419 0.0849543 0.00180333 -0.0643378 0.0908541 0.0693258 -0.0246017 0.00213174 -0.0218748 -0.0880047
internal_weight=0 511.542 478.948 31.7311 32.594 447.217 86.5545 20.4475 14.4696 12.0136 16.5175
internal_count=5456 2921 2691 201 230 2490 480 108 67 57 118
is_linear=0
shrinkage=0.08


Tree=14
num_leaves=12
num_cat=0
split_feature=1 13 20 20 4 3 5 17 1 17 9
split_gain=843.549 96.0249 33.103 39.3027 21.5624 7.36875 10.6638 13.9878 3.90234 3.06328 15.6803
threshold=10.500000000000002 1.0000000180025095e-35 30154.500000000004 31668.000000000004 0.36936753000000005 23.471900000000005 51.241856250000005 0.69917045694731683 11.500000000000002 0.64291730214338372 2.5000000000000004
decision_type=2 2 2 2 2 2 2 2 2 2 2
left_child=-1 2 5 8 -3 9 7 -7 -4 10 -2
right_child=1 4 3 -5 -6 6 -8 -9 -10 -11 -12
leaf_value=-0.093845947329578919 0.0020162393160576024 0.084064153598809782 -0.094710702201787636 0.097483708450980713 -0.093880201280129513 -0.095846326948331659 0.084909452573328575 0.073733936934872124 0.10584651320318914 0.095665313380301834 0.096585520885939011
leaf_weight=318.83039407432079 14.157877534627913 5.2641615867614773 14.881671160459518 14.296014323830603 25.324098497629166 5.8149488866329175 25.837386190891266 6.6995640844106674 0.64794404804706651 314.58033964037895 54.094838723540306
leaf_count=2535 67 29 115 83 201 42 152 39 3 1865 325
internal_value=0 0.0739123 0.0832153 0.00176887 -0.0632564 0.0889828 0.0555509 -0.00506262 -0.0863428 0.092332 0.0769687
internal_weight=0 481.599 451.011 29.8256 30.5883 421.185 38.3519 12.5145 15.5296 382.833 68.2527
internal_count=5456 2921 2691 201 230 2490 233 81 118 2257 392
is_linear=0
shrinkage=0.08


Tree=15
num_leaves=12
num_cat=0
split_feature=1 13 20 20 6 17 9 19 3 1 20
split_gain=765.579 86.8343 29.8558 35.6292 19.8378 6.90468 31.2736 5.08232 5.25544 3.53248 3.17495
threshold=10.500000000000002 1.0000000180025095e-35 30154.500000000004 31668.000000000004 1.1294787000000002 0.64291730214338372 2.5000000000000004 26008.500000000004 49.870762000000006 11.500000000000002 5745.5000000000009
decision_type=2 2 2 2 2 2 2 2 2 2 2
left_child=-1 2 5 9 -3 6 7 -2 10 -4 -9
right_child=1 4 3 -5 -6 -7 -8 8 -10 -11 -12
leaf_value=-0.092605675597538448 -0.080332087921306014 0.097157374683939285 -0.093029363471989798 0.095859775785563928 -0.090043260493488403 0.092430857283905543 0.095167476683997596 0.10272941997841148 -0.08092618541182614 0.10325056203760268 0.0048938385387417268
leaf_weight=298.09783402830362 6.4047313854098347 4.2540900409221676 13.975680142641068 13.411260902881621 24.418679006397724 318.66663080453873 58.262882351875305 3.1158691793680173 3.2818685024976721 0.61254389584064561 6.6611905694007874
leaf_count=2535 42 25 115 83 205 2010 372 12 24 3 30
internal_value=0 0.0724735 0.0815769 0.00173922 -0.0622689 0.0872163 0.0658376 -0.0219591 0.00666985 -0.0847878 0.0360732
internal_weight=0 453.065 424.393 27.9995 28.6728 396.393 77.7265 19.4637 13.0589 14.5882 9.77706
internal_count=5456 2921 2691 201 230 2490 480 108 66 118 42
is_linear=0
shrinkage=0.08


Tree=16
num_leaves=12
num_cat=0
split_feature=1 13 20 20 4 3 3 19 14 11 10
split_gain=695.714 78.6322 26.9757 32.3381 18.043 6.64785 9.40248 5.30527 3.35904 10.7348 5.25008
threshold=10.500000000000002 1.0000000180025095e-35 30154.500000000004 31668.000000000004 0.36936753000000005 23.471900000000005 25.011750000000003 764.50000000000011 1.5000000000000002 2.5000000000000004 10.500000000000002
decision_type=2 2 2 2 2 2 2 2 2 2 2
left_child=-1 2 5 -4 -3 -2 -7 -8 9 -9 -11
right_child=1 4 3 -5 -6 6 7 8 -10 10 -12
leaf_value=-0.091490742181781021 0.089004462377198959 0.079986253301988511 -0.083318929263237834 0.094410050746978391 -0.091548325297794372 -0.18760302925880051 -0.091498342330835036 -0.05897823041918554 0.094539761064353828 0.09454943637231758 -0.12836401809952314
leaf_weight=278.3951186388731 338.39335198700428 4.7692568004131344 13.694639131426813 12.56245620548725 22.156661063432693 1.0172565355896939 1.4283181950449932 4.8261043503880563 14.466383725404738 11.683464705944058 0.71773785352706987
leaf_count=2535 2257 29 118 83 201 7 13 36 95 77 5
internal_value=0 0.0711522 0.0800862 0.0017138 -0.0611652 0.08561 0.0519641 0.0593218 0.0661187 0.0422526 0.081648
internal_weight=0 425.716 398.79 26.2571 26.9259 372.533 34.1393 33.122 31.6937 17.2273 12.4012
internal_count=5456 2921 2691 201 230 2490 233 226 213 118 82
is_linear=0
shrinkage=0.08


Tree=17
num_leaves=12
num_cat=0
split_feature=1 13 17 9 6 1 20 20 19 0 3
split_gain=631.952 71.028 24.641 60.1434 16.6137 7.09832 5.03079 3.82879 4.3484 2.59725 1.5986
threshold=10.500000000000002 1.0000000180025095e-35 0.64291730214338372 2.5000000000000004 1.1294787000000002 11.500000000000002 2051.5000000000005 2301.0000000000005 27692.000000000004 0.93749053500000012 24.185642500000004
decision_type=2 2 2 2 2 2 2 2 2 2 2
left_child=-1 2 3 5 -3 7 -7 8 -2 -9 -4
right_child=1 4 10 -5 -6 6 -8 9 -10 -11 -12
leaf_value=-0.090486103990676803 -0.096743241597086915 0.094372035963072601 0.090919543994137195 0.09260780868792054 -0.08760764918583204 -0.075507577947767288 0.10604094054565838 -0.080684848075174856 0.097005551531831727 0.085312976163382681 0.068618739249206209
leaf_weight=259.72766853868961 1.2437458708882396 3.7769310176372555 271.69655818492174 51.142304316163063 21.417015090584755 1.4714821130037297 2.9060844331979752 22.463348336517814 1.8353889733552931 0.61988469213247199 22.257416516542435
leaf_count=2535 9 25 1944 372 205 6 14 181 8 3 154
internal_value=0 0.0697086 0.0784301 0.0395604 -0.0603263 -0.049273 0.0450149 -0.0650495 0.0187452 -0.0762271 0.089231
internal_weight=0 400.83 375.636 81.6822 25.1939 30.5399 4.37757 26.1624 3.07913 23.0832 293.954
internal_count=5456 2921 2691 593 230 221 20 201 17 184 2098
is_linear=0
shrinkage=0.08


Tree=18
num_leaves=12
num_cat=0
split_feature=1 13 17 9 4 1 20 20 19 0 3
split_gain=575.48 64.4471 22.6609 54.7135 15.1891 6.3419 4.46925 3.43221 3.83107 2.31333 1.64665
threshold=10.500000000000002 1.0000000180025095e-35 0.64291730214338372 2.5000000000000004 0.36936753000000005 11.500000000000002 2051.5000000000005 2301.0000000000005 27692.000000000004 0.93749053500000012 24.185642500000004
decision_type=2 2 2 2 2 2 2 2 2 2 2
left_child=-1 2 3 5 -3 7 -7 8 -2 -9 -4
right_child=1 4 10 -5 -6 6 -8 9 -10 -11 -12
leaf_value=-0.089578918386751152 -0.095214218350070004 0.076347858252729148 0.089654361691399148 0.091493218063726275 -0.089654120217386044 -0.068704282875964237 0.10348769950439683 -0.078199592857557079 0.090855457338237675 0.079625808094340528 0.066443195590638271
leaf_weight=242.08770219236612 1.1658025979995792 4.3159849941730526 254.20234002918005 47.761876076459885 19.313374936580658 1.4871048480272282 2.7461049109697342 21.368456818163398 1.8041588366031645 0.61138453334569831 21.191515415906906
leaf_count=2535 9 29 1944 372 201 6 14 181 8 3 154
internal_value=0 0.0685666 0.0771442 0.0387615 -0.0593333 -0.047541 0.0429975 -0.0629025 0.0178173 -0.0738096 0.0878683
internal_weight=0 375.968 352.339 76.9449 23.6294 29.183 4.23321 24.9498 2.96996 21.9798 275.394
internal_count=5456 2921 2691 593 230 221 20 201 17 184 2098
is_linear=0
shrinkage=0.08


Tree=19
num_leaves=12
num_cat=0
split_feature=1 3 17 3 17 9 5 4 10 9 4
split_gain=524.536 58.862 27.6049 21.9958 7.90409 21.4304 6.84891 5.46691 6.53076 5.59635 4.69678
threshold=10.500000000000002 21.574600000000004 2.0242719817094232 99.00767500000002 0.66987345979918156 2.5000000000000004 0.99975000000000014 0.10001923500000003 9.5000000000000018 4.5000000000000009 3.0327964000000005
decision_type=2 2 2 2 2 2 2 2 2 2 2
left_child=-1 4 3 7 5 6 -2 8 9 -3 -7
right_child=1 2 -4 -5 -6 10 -8 -9 -10 -11 -12
leaf_value=-0.088758162838576848 -0.039876575391926801 -0.07105217811935341 0.091710484433684666 0.066488038818283815 0.087843070205970319 0.090178951720080808 0.11238125651321018 -0.091823176121956729 -0.23288144377742803 0.091945267784209014 -0.048996365456586512
leaf_weight=225.45722007751465 14.890608340501787 2.3654685392975834 12.875555798411368 9.0945861116051656 238.27282152324915 42.403054915368557 2.1657948940992346 24.795169770717621 0.72963781654834736 3.134472981095314 1.6108251884579647
leaf_count=2535 99 24 99 75 1950 353 10 265 5 24 17
internal_value=0 0.0675037 -0.0102096 -0.042919 0.0812618 0.0555843 -0.0205431 -0.0749905 -0.00799265 0.0218417 0.0850854
internal_weight=0 352.338 52.9949 40.1193 299.343 61.0703 17.0564 31.0247 6.22958 5.49994 44.0139
internal_count=5456 2921 492 393 2429 479 109 318 53 48 370
is_linear=0
shrinkage=0.08


Tree=20
num_leaves=12
num_cat=0
split_feature=1 13 20 20 6 17 9 19 0 0 1
split_gain=478.027 54.1693 19.6409 23.4653 12.8497 5.6658 22.3895 3.98693 3.55988 3.91216 2.69335
threshold=10.500000000000002 1.0000000180025095e-35 30154.500000000004 31668.000000000004 1.1294787000000002 0.68804758695428603 2.5000000000000004 26008.500000000004 0.029979330000000002 0.9999534000000001 11.500000000000002
decision_type=2 2 2 2 2 2 2 2 2 2 2
left_child=-1 2 5 10 -3 6 7 -2 -9 -10 -4
right_child=1 4 3 -5 -6 -7 -8 8 9 -11 -12
leaf_value=-0.088014301723773974 -0.075833178506218638 0.091083028187879903 -0.089884451016409239 0.090094877723080488 -0.084817349211027543 0.086047574710562527 0.0879817463667424 0.10664787702871791 -0.03459227746746403 0.10460544023472652 0.097426299146545173
leaf_weight=209.81042224913836 5.4427514374256161 3.1267308145761517 10.410774625837803 9.6612445414066297 17.726136341691017 226.23538230359554 45.953952558338642 1.920497179031371 8.1659354567527753 1.5351324677467335 0.51563385128974992
leaf_count=2535 42 25 115 83 205 1973 409 9 49 8 3
internal_value=0 0.0663649 0.0747647 -0.000733538 -0.0584424 0.0801383 0.058924 -0.019328 0.00713517 -0.0125651 -0.081045
internal_weight=0 330.694 309.841 20.5877 20.8529 289.254 63.0183 17.0643 11.6216 9.70107 10.9264
internal_count=5456 2921 2691 201 230 2490 517 108 66 57 118
is_linear=0
shrinkage=0.08


Tree=21
num_leaves=12
num_cat=0
split_feature=1 3 17 3 17 9 5 0 0 14 17
split_gain=436.309 50.2278 23.4507 18.3195 7.07538 18.0945 5.54687 4.92661 4.1384 4.10924 3.91422
threshold=10.500000000000002 21.574600000000004 2.0242719817094232 99.00767500000002 0.66987345979918156 2.5000000000000004 0.99975000000000014 0.010000040000000002 0.040797670000000008 4.5000000000000009 0.52197398379870663
decision_type=2 2 2 2 2 2 2 2 2 2 2
left_child=-1 4 3 7 5 6 8 -3 -2 -7 -9
right_child=1 2 -4 -5 -6 9 -8 10 -10 -11 -12
leaf_value=-0.087339082873097176 0.037456092607078759 0.09422992816225069 0.089801265056265525 0.062480304448344147 0.085719928281892288 0.08810505468442402 0.10806233985467927 0.076087930961982478 -0.060740231462220608 -0.058770657880284287 -0.086966080895677755
leaf_weight=195.11569149792194 3.7209146320819881 1.0696398615837122 11.238025419414042 8.1578498855233175 208.25450380891562 37.11032472550869 1.9746011197566975 0.97858632355928676 10.491776295006273 1.2605139538645733 25.370515175163746
leaf_count=2535 17 8 99 75 1950 355 10 9 82 15 301
internal_value=0 0.0654023 -0.0109417 -0.0427646 0.0790014 0.053356 -0.0175769 -0.0740779 -0.0350322 0.0832801 -0.0809104
internal_weight=0 309.627 46.8146 35.5766 262.813 54.5581 16.1873 27.4187 14.2127 38.3708 26.3491
internal_count=5456 2921 492 393 2429 479 109 318 99 370 310
is_linear=0
shrinkage=0.08


Tree=22
num_leaves=12
num_cat=0
split_feature=1 13 20 20 4 3 3 17 11 1 3
split_gain=398.114 45.9897 16.5889 19.9486 10.801 5.32446 8.56239 3.81729 8.95105 3.98105 5.20381
threshold=10.500000000000002 1.0000000180025095e-35 30154.500000000004 31668.000000000004 0.36936753000000005 23.471900000000005 25.011750000000003 1.4832455425710467 7.5000000000000009 11.500000000000002 99.00767500000002
decision_type=2 2 2 2 2 2 2 2 2 2 2
left_child=-1 2 5 -4 -3 -2 -7 8 9 10 -8
right_child=1 4 3 -5 -6 6 7 -9 -10 -11 -12
leaf_value=-0.086725285218625964 0.081746057806728029 0.069246868921931354 -0.080144319155810856 0.088488699047131372 -0.08716519021718297 -0.19807579582099391 -0.11987909943217043 0.089233438751915362 0.089197309236070429 0.053805697189029972 0.088915153548832129
leaf_weight=181.33727431297302 228.99932837486267 3.4807865098118809 9.6224233061075228 8.4165698587894422 15.010184600949286 0.91038277000189083 3.9157997071743029 10.110201165080069 6.8676810637116432 2.0483669638633728 0.94911511242389668
leaf_count=2535 2257 29 118 83 201 7 43 94 64 16 9
internal_value=0 0.0643599 0.072664 -0.00146412 -0.0577218 0.0779327 0.0427233 0.051899 0.0245092 -0.0397522 -0.0791446
internal_weight=0 290.331 271.84 18.039 18.491 253.801 24.8015 23.8912 13.781 6.91328 4.86491
internal_count=5456 2921 2691 201 230 2490 233 226 132 68 52
is_linear=0
shrinkage=0.08


Tree=23
num_leaves=12
num_cat=0
split_feature=1 3 17 3 17 9 5 4 10 9 4
split_gain=363.16 41.7362 19.6764 15.2286 7.23385 17.4838 4.87295 4.09292 6.69453 4.05017 3.52251
threshold=10.500000000000002 21.574600000000004 1.4832455425710467 99.00767500000002 0.66987345979918156 2.5000000000000004 0.99975000000000014 0.10001923500000003 9.5000000000000018 4.5000000000000009 3.0327964000000005
decision_type=2 2 2 2 2 2 2 2 2 2 2
left_child=-1 4 3 7 5 6 -2 8 9 -3 -7
right_child=1 2 -4 -5 -6 10 -8 -9 -10 -11 -12
leaf_value=-0.086166610637749608 -0.036946375856199178 -0.066137287533050412 0.079613522803065995 0.060837665199698576 0.083862806633402634 0.087055515096645733 0.10352633491280665 -0.092771967877858089 -0.24234111871778255 0.089333879379316902 -0.046436959703309293
leaf_weight=168.43650855123997 13.773461572825907 1.8373482525348723 11.250322580337523 6.8185908868908873 182.02950371801853 32.168176613748074 1.7853424102067936 18.248993691056967 0.69607922434806813 2.5757735520601273 1.3168719857931126
leaf_count=2535 99 24 114 70 1950 353 10 256 4 24 17
internal_value=0 0.0632591 -0.0106836 -0.0443477 0.0765156 0.0492461 -0.0208274 -0.0750528 -0.0117635 0.0246054 0.0818056
internal_weight=0 272.5 41.4271 30.1768 231.073 49.0439 15.5588 23.3582 5.1092 4.41312 33.485
internal_count=5456 2921 492 378 2429 479 109 308 52 48 370
is_linear=0
shrinkage=0.08


Tree=24
num_leaves=12
num_cat=0
split_feature=1 13 17 9 6 20 19 0 5 19 3
split_gain=331.595 38.9191 15.0347 33.4615 9.27742 4.43671 3.73845 2.51201 2.268 3.55341 4.15639
threshold=10.500000000000002 1.0000000180025095e-35 0.64291730214338372 2.5000000000000004 1.1294787000000002 17555.500000000004 26008.500000000004 0.029979330000000002 50.044250000000005 31006.500000000004 0.15817163500000003
decision_type=2 2 2 2 2 2 2 2 2 2 2
left_child=-1 2 3 5 -3 6 -2 -8 9 10 -9
right_child=1 4 -4 -5 -6 -7 7 8 -10 -11 -12
leaf_value=-0.085657501762528024 -0.072304835203730683 0.087943847431961292 0.081313129741103565 0.086875278572330419 -0.082230417100883427 -0.086047481604052123 0.10213796376850301 -0.12586725396655901 -0.087652293414476931 0.13519372839533331 0.033044762710711099
leaf_weight=156.37299444526434 4.6445190459489849 2.4039295539259937 184.62251832336187 31.635015040636063 13.938134931027887 8.4593196585774404 1.7348882406949986 1.4756541699171046 1.6494360193610189 1.3083074837923048 3.6810107380151749
leaf_count=2535 39 25 2098 372 205 120 9 7 21 5 20
internal_value=0 0.0622474 0.0704074 0.0335233 -0.0571977 -0.0400088 -0.0131383 0.0147622 -0.00391899 0.0174442 -0.0124302
internal_weight=0 255.553 239.211 54.5882 16.3421 22.9531 14.4938 9.8493 8.11441 6.46497 5.15666
internal_count=5456 2921 2691 593 230 221 101 62 53 32 27
is_linear=0
shrinkage=0.08


end of trees

feature_importances:
Month=41
label_output=41
pagerank_output=31
inputMax=26
degree_input=25
tricount_input=22
inputMin=21
label_input=20
BTC=13
inputSum=13
degree_output=12
outputMax=5
inDegree_input=3
outDegree_input=2

parameters:
[boosting: gbdt]
[objective: binary]
[metric: binary_logloss]
[tree_learner: serial]
[device_type: cpu]
[data: ]
[valid: ]
[num_iterations: 25]
[learning_rate: 0.08]
[num_leaves: 12]
[num_threads: 5]
[deterministic: 0]
[force_col_wise: 0]
[force_row_wise: 0]
[histogram_pool_size: -1]
[max_depth: 12]
[min_data_in_leaf: 5]
[min_sum_hessian_in_leaf: 0.001]
[bagging_fraction: 0.4]
[pos_bagging_fraction: 1]
[neg_bagging_fraction: 1]
[bagging_freq: 0]
[bagging_seed: 3]
[feature_fraction: 1]
[feature_fraction_bynode: 1]
[feature_fraction_seed: 2]
[extra_trees: 0]
[extra_seed: 6]
[early_stopping_round: 40]
[first_metric_only: 0]
[max_delta_step: 0]
[lambda_l1: 0]
[lambda_l2: 0]
[linear_lambda: 0]
[min_gain_to_split: 0]
[drop_rate: 0.1]
[max_drop: 50]
[skip_drop: 0.5]
[xgboost_dart_mode: 0]
[uniform_drop: 0]
[drop_seed: 4]
[top_rate: 0.2]
[other_rate: 0.1]
[min_data_per_group: 100]
[max_cat_threshold: 32]
[cat_l2: 10]
[cat_smooth: 10]
[max_cat_to_onehot: 4]
[top_k: 20]
[monotone_constraints: ]
[monotone_constraints_method: basic]
[monotone_penalty: 0]
[feature_contri: ]
[forcedsplits_filename: ]
[refit_decay_rate: 0.9]
[cegb_tradeoff: 1]
[cegb_penalty_split: 0]
[cegb_penalty_feature_lazy: ]
[cegb_penalty_feature_coupled: ]
[path_smooth: 0]
[interaction_constraints: ]
[verbosity: 1]
[saved_feature_importance_type: 0]
[linear_tree: 0]
[max_bin: 250]
[max_bin_by_feature: ]
[min_data_in_bin: 3]
[bin_construct_sample_cnt: 200000]
[data_random_seed: 1]
[is_enable_sparse: 1]
[enable_bundle: 1]
[use_missing: 1]
[zero_as_missing: 0]
[feature_pre_filter: 1]
[pre_partition: 0]
[two_round: 0]
[header: 0]
[label_column: ]
[weight_column: ]
[group_column: ]
[ignore_column: ]
[categorical_feature: ]
[forcedbins_filename: ]
[precise_float_parser: 0]
[objective_seed: 5]
[num_class: 1]
[is_unbalance: 1]
[scale_pos_weight: 1]
[sigmoid: 1]
[boost_from_average: 1]
[reg_sqrt: 0]
[alpha: 0.9]
[fair_c: 1]
[poisson_max_delta_step: 0.7]
[tweedie_variance_power: 1.5]
[lambdarank_truncation_level: 30]
[lambdarank_norm: 1]
[label_gain: ]
[eval_at: ]
[multi_error_top_k: 1]
[auc_mu_weights: ]
[num_machines: 1]
[local_listen_port: 12400]
[time_out: 120]
[machine_list_filename: ]
[machines: ]
[gpu_platform_id: -1]
[gpu_device_id: -1]
[gpu_use_dp: 0]
[num_gpu: 1]

end of parameters

pandas_categorical:[]
